dp1 <- c(3,5,8,2,3,0)
dp1 <- c(28, 31, 12,23,25)

# New Data points

dp3 <- c(2,2,4,2,6,4,3)